   0   22.30  -71.40
   1   22.40  -71.60
   2   22.50  -71.80
   3   22.60  -72.00
   4   22.63  -72.17
   5   22.67  -72.33
   6   22.70  -72.50
   7   22.77  -72.67
   8   22.83  -72.83
   9   22.90  -73.00
  10   23.00  -73.17
  11   23.10  -73.33
  12   23.20  -73.50
  13   23.27  -73.63
  14   23.33  -73.77
  15   23.40  -73.90
  16   23.53  -74.07
  17   23.66  -74.23
  18   23.80  -74.40
  19   23.90  -74.53
  20   24.00  -74.67
  21   24.10  -74.80
  22   24.17  -74.90
  23   24.23  -75.00
  24   24.30  -75.10
  25   24.37  -75.20
  26   24.43  -75.30
  27   24.50  -75.40
  28   24.57  -75.50
  29   24.63  -75.60
  30   24.70  -75.70
  31   24.77  -75.80
  32   24.83  -75.90
  33   24.90  -76.00
  34   25.03  -76.13
  35   25.17  -76.27
  36   25.30  -76.40
  37   25.37  -76.50
  38   25.43  -76.60
  39   25.50  -76.70
  40   25.77  -77.00
  41   26.03  -77.30
  42   26.30  -77.60
  43   26.17  -77.57
  44   26.03  -77.53
  45   25.90  -77.50
  46   25.90  -77.50
  47   25.90  -77.50
  48   25.90  -77.50
  49   25.97  -77.60
  50   26.03  -77.70
  51   26.10  -77.80
  52   26.20  -77.87
  53   26.30  -77.83
  54   26.40  -78.00
  55   26.47  -78.03
  56   26.53  -78.07
  57   26.60  -78.10
  58   26.63  -78.20
  59   26.67  -78.30
  60   26.70  -78.40
  61   26.77  -78.53
  62   26.83  -78.67
  63   26.90  -78.80
  64   26.90  -78.87
  65   26.90  -78.93
  66   26.90  -79.00
  67   26.90  -79.10
  68   26.90  -79.20
  69   26.90  -79.30
  70   26.93  -79.33
  71   26.97  -79.37
  72   27.00  -79.40
  73   27.03  -79.50
  74   27.07  -79.60
  75   27.10  -79.70
  76   27.15  -79.95
  77   27.20  -80.20
  78   27.20  -80.30
  79   27.20  -80.40
  80   27.20  -80.45
  81   27.20  -80.50
  82   27.25  -80.60
  83   27.30  -80.70
  84   27.40  -80.80
  85   27.50  -80.90
  86   27.60  -81.05
  87   27.70  -81.20
  88   27.77  -81.37
  89   27.83  -81.53
  90   27.90  -81.70
  91   27.93  -81.87
  92   27.97  -82.03
  93   28.00  -82.20
  94   28.03  -82.23
  95   28.07  -82.27
  96   28.10  -82.30
  97   28.17  -82.43
  98   28.23  -82.57
  99   28.30  -82.70
 100   28.40  -82.90
 101   28.50  -83.10
 102   28.60  -83.30
 103   28.63  -83.37
 104   28.67  -83.43
 105   28.70  -83.50
 106   28.83  -83.53
 107   28.97  -83.57
 108   29.10  -83.60
 109   29.23  -83.73
 110   29.37  -83.87
 111   29.50  -84.00
 112   29.70  -84.03
 113   29.90  -84.07
 114   30.10  -84.10
 115   30.27  -84.17
 116   30.43  -84.23
 117   30.60  -84.30
 118   30.77  -84.37
 119   30.93  -84.43
 120   31.10  -84.50
 121   31.17  -84.53
 122   31.23  -84.57
 123   31.30  -84.60
 124   31.42  -84.68
 125   31.53  -84.77
 126   31.65  -84.85
 127   31.77  -84.93
 128   31.88  -85.02
 129   32.00  -85.10
 130   32.07  -85.13
 131   32.13  -85.17
 132   32.20  -85.20
 133   32.27  -85.23
 134   32.33  -85.27
 135   32.40  -85.30
 136   32.50  -85.19
 137   32.60  -85.07
 138   32.70  -84.95
 139   32.80  -84.84
 140   32.90  -84.72
 141   33.00  -84.60
 142   33.15  -84.47
 143   33.30  -84.33
 144   33.45  -84.20
 145   33.60  -84.07
 146   33.75  -83.93
 147   33.90  -83.80
 148   33.98  -83.88
 149   34.07  -83.97
 150   34.15  -84.05
 151   34.23  -84.13
 152   34.32  -84.22
 153   34.40  -84.30
 154   34.68  -84.07
 155   34.97  -83.83
 156   35.25  -83.60
 157   35.53  -83.37
 158   35.82  -83.13
 159   36.10  -82.90 
 160   36.43  -82.75
 161   36.77  -82.60
 162   37.10  -82.45
 163   37.43  -82.30
 164   37.77  -82.15
 165   38.10  -82.00
 166   38.30  -81.78
 167   38.50  -81.57
 168   38.70  -81.35
 169   38.90  -81.13
 170   39.10  -80.92
 171   39.30  -80.70
 172   39.65  -80.48
 173   40.00  -80.27
 174   40.35  -80.05
 175   40.70  -79.83
 176   41.05  -79.62
 177   41.40  -79.40
 
 
